line 593 134 508 293 0 0 0 255 255 255 255 255 5
line 596 134 698 295 0 0 0 255 255 255 255 255 5
line 512 295 699 297 0 0 0 255 255 255 255 255 5
oval 571 201 592 229 0 0 0 255 255 255 255 255 5
oval 615 205 634 230 0 0 0 255 255 255 255 255 5
circle 580 216 590 226 0 0 0 255 0 0 0 255 5
circle 625 220 631 226 0 0 0 255 0 0 0 255 5
line 537 244 416 261 0 0 0 255 0 0 0 255 5
line 419 263 404 343 0 0 0 255 0 0 0 255 5
line 402 345 382 347 0 0 0 255 0 0 0 255 5
line 405 346 400 367 0 0 0 255 0 0 0 255 5
line 406 347 424 355 0 0 0 255 0 0 0 255 5
line 672 247 774 280 0 0 0 255 0 0 0 255 5
line 774 280 789 327 0 0 0 255 0 0 0 255 5
line 789 328 775 345 0 0 0 255 0 0 0 255 5
line 787 333 793 358 0 0 0 255 0 0 0 255 5
line 795 332 808 351 0 0 0 255 0 0 0 255 5
line 579 297 566 405 0 0 0 255 0 0 0 255 5
line 621 301 642 388 0 0 0 255 0 0 0 255 5
line 547 402 592 414 0 0 0 255 0 0 0 255 5
line 549 406 554 439 0 0 0 255 0 0 0 255 5
line 554 439 589 413 0 0 0 255 0 0 0 255 5
line 630 398 669 385 0 0 0 255 0 0 0 255 5
line 631 400 667 433 0 0 0 255 0 0 0 255 5
line 667 433 668 381 0 0 0 255 0 0 0 255 5
oval 489 119 704 172 0 0 0 255 129 92 88 255 5
line 568 143 568 77 0 0 0 255 129 92 88 255 5
rectangle 569 65 625 141 0 0 0 255 129 92 88 255 5
line 584 67 590 102 0 0 0 255 129 92 88 255 5
line 590 102 609 103 0 0 0 255 129 92 88 255 5
line 609 64 607 102 0 0 0 255 129 92 88 255 5
